iga_lc:
1 000010000000000000000000000000000000001000000001000000000000
1 011000000000000000000000000000000000001000000000000000010001
0
0
0
0
0
0
0
0
0
0
0
0
0
0
0
0
0
0

iga_row_lc:
1 00110000010010010
0
0
1 00000000010010010
1 00000000010010010

iga_col_lc:
1 11000000000100001000000011
0
0
1 11000000000100001000000011
1 11000000000100001000000011

iga_pe:
0
0
0
0
0
0
0
0
0
0
0
0
0
0
0
0
0
0
0
0

se_rd_mse:
1 0110000000000100000001000011000000000000000000000000000001
1 0001100000000000000000001011100000000000000000011111000000
1 0000000000101101000001000000000000000000100000000000000000
1 0010000000000000000000000000011001110001011110110101011010
1 0100111001010001100000111101110011010110001011010100100101
1 0000011100110001010010000011000100000100000000000000000000
1 0000000000000000000000000000000000000000000000000000000000
1 0000000000000000000000000000000000000000000000000000000000
1 0000000000000000000000000000111101110011010110001011010100
1 1001010000011100110001010010000011000100000100000100000010
0
0
0
0
0
0
0
0
0
0
0
0
0
0
0
0
0
0
0
0
1 0110000000000100000000000000000000000000000000000000000001
1 0001100000000000000000001011100000000010000000011111000000
1 0000000000101101000001000000000000000000100000000000000000
1 0010000000000000000000000000011001110001011110110101011010
1 0100111001010001100000111101110011010110001011010100100101
1 0000011100110001010010000011000100000100000000000000000000
1 0000000000000000000000000000000000000000000000000000000000
1 0000000000000000000000000000000000000000000000000000000000
1 0000000000000000000000000000111101110011010110001011010100
1 1001010000011100110001010010000011000100000100000100000010

se_wr_mse:
1 00001100000000001000000000000000000000000000000000000000000010
1 00110000000000000000000101111000000000000000001111100000000000
1 00000101101000001000000000000000000010000000000000000000100000
1 00000000000000000000110011100010111101101010110100100111001010
1 00110000011110111001101011000101101010010010100000111001100010
1 10010000011000100000100000000000000000000000000000000000000000
1 00000000000000000000000000000000000000001111011100110101100010
1 11010100100101000001110011000101001000001100010000010000010000

se_nse:
0
0

buffer_manager_cluster:
1 10010110110000001111111100
1 00000110110111100000000000
1 00000110110111100000000000
1 00000110110111100000000000
1 10010110110000001111111100
1 10010110110000001111111100

ga_inport_group:
1 11111111000000000000
0
1 11111111000000000000

ga_outport_group:
1 111111110000

ga_pe:
1 011101111000000001000000011000000001
1 000000000000000000000000000000000000
1 000000000000000000000000000000000001
1 000000000000000000000000000000000000
0
0
0
0
1 011101111000000001000000011000000001
1 000000000000000000000000000000000000
1 000000000000000000000000000000000001
1 000000000000000000000000000000000000
0
0
0
0
1 011101111000000001000000011000000001
1 000000000000000000000000000000000000
1 000000000000000000000000000000000001
1 000000000000000000000000000000000000
0
0
0
0
1 011101111000000001000000011000000001
1 000000000000000000000000000000000000
1 000000000000000000000000000000000001
1 000000000000000000000000000000000000
0
0
0
0
1 011101111000000001000000011000000001
1 000000000000000000000000000000000000
1 000000000000000000000000000000000001
1 000000000000000000000000000000000000
0
0
0
0
1 011101111000000001000000011000000001
1 000000000000000000000000000000000000
1 000000000000000000000000000000000001
1 000000000000000000000000000000000000
0
0
0
0
1 011101111000000001000000011000000001
1 000000000000000000000000000000000000
1 000000000000000000000000000000000001
1 000000000000000000000000000000000000
0
0
0
0
1 011101111000000001000000011000000001
1 000000000000000000000000000000000000
1 000000000000000000000000000000000001
1 000000000000000000000000000000000000
0
0
0
0

